1	0	Буран	0,92	0	0	0	0
2	0	040 Toyota белая	1,1	0	0	0	0
4	0	105 Франкония	0,97	0	0	0	0
5	0	110 Рубин	0,97	0	0	0	0
6	0	127 Вишня	0,95	0	0	0	0
7	0	201 Белая	1,1	0	0	0	0
8	0	202 Белая	1,1	0	0	0	0
9	0	215 Сафари	1,1	0	0	0	0
10	0	230 Жемчуг	0,94	0	0	0	0
11	0	233 Белая	1,1	0	0	0	0
12	0	276 Приз	0,92	0	0	0	0
13	0	277 Антилопа	0,94	0	0	0	0
14	0	277 Антилопа Люкс	0,93	0	0	0	0
15	0	280 Мираж	0,93	0	0	0	0
16	0	303 Хаки	1	0	0	0	0
17	0	310 Валюта	0,91	0	0	0	0
18	0	347 Золото инков	0,94	0	0	0	0
19	0	360 Сочи	0,95	0	0	0	0
20	0	371 Амулет	0,93	0	0	0	0
21	0	377 Мурена	0,94	0	0	0	0
22	0	385 Изумруд	0,92	0	0	0	0
23	0	420 Балтика	0,93	0	0	0	0
24	0	448 Рапсодия	0,94	0	0	0	0
25	0	499 Ривьера	0,94	0	0	0	0
26	0	601 Черная	0,91	0	0	0	0
27	0	606 Млечный путь	0,94	0	0	0	0
28	0	620 Мускат	0,94	0	0	0	0
29	0	630 Кварц	0,94	0	0	0	0
30	0	640 Серебристая	0,92	0	0	0	0
31	0	690 Снежная королева	0,93	0	0	0	0
32	1	Washprimer 1K CF	0,9	43	44	0,2	0,2
33	1	2K Plastic Primer	1,4	43	42	0,4	0,2
34	1	2K Filler 540 белый (шлиф)	1,517	43	44	0,2	0,2
35	1	2K Filler 540 серый (шлиф)	1,48	43	44	0,2	0,2
36	1	2K Filler 540 чёрный (шлиф)	1,42	43	44	0,2	0,2
37	1	2K High Build Filler белый	1,56	43	44	0,2	0,2
38	1	2K High Build Filler серый	1,53	43	44	0,2	0,2
39	1	2K High Build Filler чёрный	1,48	43	44	0,2	0,2
40	3	SRA	0,9	0	0	0	0
41	2	Blending Agent	0,89	0	0	0	0
42	4	Отвердитель 2K PP	0,9	0	0	0	0
43	3	Разбавитель Multi Thinner	0,83	0	0	0	0
44	4	Отвердитель стандартн.	0,9	0	0	0	0
45	4	Отвердитель быстрый	0,9	0	0	0	0
46	3	Fade Out	0,9	0	0	0	0
47	2	Novol Plus 700	0,83	0	0	0	0
48	2	Seal Coat  (барьерная жидкость)	0,8	0	0	0	0
51	1	2K Filler 540 белый (не шлиф)	1,517	43	44	0,4	0,2
52	1	2K Filler 540 серый (не шлиф)	1,48	43	44	0,4	0,2
53	1	2K Filler 540 чёрный (не шлиф)	1,42	43	44	0,4	0,2
NULL	NULL	NULL	NULL	NULL	NULL	NULL	NULL